TERMINAL ID;CREDIT;MEMO FEE
BITS;223.00;-3.00
CH1;3,635.00;-15.00
CH2;806.00;-6.00
DD1-1;2,596.00;-96.00
DD2;3,576.00;-96.00
DEPOT;621.00;-21.00
ENTII;203.00;-3.00
GLOU;3,914.00;-114.00
GV1;696.00;-6.00
HERNDON1;8,124.00;-24.00
IP;1,279.00;-39.00
LB1;4,452.00;-12.00
LF5;687.00;-27.00
LF7A;3,143.00;-63.00
LX1-1;7,861.00;-201.00
LX1-2;9,235.00;-255.00
MAN;7,669.00;-9.00
MS2;343.00;-3.00
ND2;2,416.00;-36.00
NEHQS;3,169.00;-69.00
NEWDOM;1,694.00;-54.00
NHB4;5,288.00;-108.00
NVA;1,984.00;-24.00
OHBNO;10,788.00;-228.00
OHBSO;10,900.00;-300.00
PC1;475.00;-15.00
RESTON;1,093.00;-33.00
VC1;1,409.00;-9.00
VC2;1,952.00;-12.00
VIENNAB;1,955.00;-15.00
WFC1;7,228.00;-108.00
WFC2;6,872.00;-72.00
