TERMINAL ID;CREDIT;MEMO FEE
BITS;755.00;-15.00
CH1;4,121.00;-21.00
CH2;646.00;-6.00
DD1-1;3,021.00;-81.00
DD2;4,297.00;-117.00
DEPOT;1,661.00;-21.00
ENTII;446.00;-6.00
GLOU;5,755.00;-135.00
GV1;900.00;0.00
HERNDON1;4,095.00;-15.00
IP;535.00;-15.00
LB1;1,463.00;-3.00
LF5;1,361.00;-21.00
LF7A;3,868.00;-48.00
LX1-1;7,921.00;-141.00
LX1-2;9,524.00;-264.00
MAN;2,346.00;-6.00
MS2;383.00;-3.00
ND2;2,188.00;-48.00
NEHQS;3,025.00;-45.00
NEWDOM;2,354.00;-54.00
NHB4;6,550.00;-150.00
NVA;3,205.00;-45.00
OHBNO;11,230.00;-330.00
OHBSO;10,349.00;-249.00
PC1;458.00;-18.00
RESTON;1,430.00;-30.00
VC1;3,006.00;-6.00
VC2;1,366.00;-6.00
VIENNAB;3,475.00;-15.00
WFC1;6,629.00;-129.00
WFC2;6,744.00;-84.00
